#header
WIDTH 20
HEIGHT 20

#data
-1 -1 44 44 44 44 44 -1 44 -1 -1 -1 -1 -1 -1 -1 -1 -1 -1 -1 
-1 -1 -1 -1 -1 -1 44 -1 -1 -1 44 -1 44 -1 -1 -1 -1 -1 -1 -1 
-1 -1 -1 -1 -1 -1 -1 -1 -1 -1 -1 -1 44 -1 -1 44 -1 -1 -1 -1 
-1 -1 -1 -1 44 -1 -1 44 -1 44 -1 -1 -1 -1 44 -1 -1 -1 44 -1 
-1 -1 -1 -1 -1 -1 -1 -1 -1 -1 -1 -1 -1 -1 -1 -1 -1 -1 -1 44 
-1 -1 -1 -1 44 44 -1 -1 -1 -1 -1 -1 -1 -1 -1 -1 -1 -1 -1 44 
-1 -1 -1 44 44 -1 -1 44 -1 -1 -1 -1 -1 -1 -1 -1 44 -1 -1 -1 
-1 -1 -1 -1 -1 -1 44 -1 -1 -1 -1 -1 -1 -1 -1 44 -1 -1 -1 44 
-1 -1 -1 -1 44 -1 44 -1 -1 -1 -1 -1 -1 -1 -1 -1 -1 -1 -1 -1 
-1 -1 -1 44 44 44 -1 -1 -1 -1 -1 -1 -1 -1 44 -1 -1 -1 44 -1 
-1 -1 -1 -1 -1 -1 44 44 -1 44 -1 44 -1 -1 -1 -1 -1 -1 -1 -1 
-1 -1 -1 -1 44 -1 44 -1 -1 -1 -1 -1 -1 -1 -1 -1 44 -1 -1 -1 
-1 -1 -1 -1 -1 -1 -1 -1 44 -1 -1 -1 -1 -1 -1 -1 -1 -1 -1 -1 
-1 -1 -1 -1 -1 44 -1 -1 -1 -1 44 -1 -1 44 -1 -1 -1 -1 -1 -1 
-1 -1 -1 -1 -1 44 -1 44 44 -1 -1 44 44 -1 -1 -1 -1 -1 -1 -1 
-1 -1 -1 44 44 -1 -1 -1 -1 44 44 44 44 -1 -1 -1 -1 -1 -1 -1 
-1 -1 -1 -1 -1 -1 -1 -1 -1 -1 -1 -1 -1 -1 -1 -1 -1 -1 -1 -1 
-1 -1 -1 -1 -1 -1 -1 -1 -1 -1 -1 -1 -1 -1 -1 -1 -1 -1 -1 -1 
-1 -1 -1 -1 -1 -1 -1 -1 -1 -1 -1 -1 -1 -1 -1 -1 -1 -1 -1 -1 
-1 -1 -1 -1 -1 -1 -1 -1 -1 -1 -1 -1 -1 -1 -1 -1 -1 -1 -1 -1 
