#header
WIDTH 20
HEIGHT 20

#data
-1 -1 -1 -1 -1 43 -1 43 43 -1 43 -1 -1 -1 -1 -1 -1 -1 -1 -1 
-1 -1 -1 -1 -1 43 -1 -1 -1 -1 43 -1 -1 -1 -1 -1 -1 -1 -1 -1 
-1 -1 -1 -1 -1 -1 -1 -1 -1 -1 -1 43 -1 -1 -1 -1 -1 -1 -1 -1 
-1 -1 -1 -1 -1 43 43 43 -1 -1 43 -1 -1 -1 -1 -1 -1 -1 -1 -1 
-1 -1 -1 -1 -1 -1 43 43 -1 43 -1 -1 43 -1 -1 43 -1 -1 -1 -1 
-1 -1 -1 -1 -1 -1 43 -1 43 43 -1 -1 -1 -1 -1 -1 -1 -1 43 -1 
-1 -1 -1 -1 -1 43 -1 -1 -1 -1 -1 -1 -1 -1 -1 -1 -1 -1 -1 -1 
-1 -1 -1 -1 -1 -1 -1 -1 43 -1 -1 -1 -1 -1 -1 -1 -1 -1 -1 43 
-1 -1 -1 -1 -1 -1 -1 -1 -1 -1 -1 -1 -1 -1 -1 -1 -1 -1 -1 43 
-1 -1 -1 -1 43 -1 -1 -1 -1 43 43 43 -1 -1 -1 -1 -1 -1 -1 -1 
-1 -1 -1 -1 -1 -1 -1 -1 43 -1 43 -1 -1 -1 -1 -1 43 43 -1 -1 
-1 -1 -1 -1 43 -1 -1 -1 43 43 -1 -1 -1 -1 -1 43 -1 -1 -1 -1 
-1 -1 -1 -1 -1 -1 -1 -1 43 -1 -1 -1 -1 -1 43 -1 -1 -1 43 -1 
-1 -1 -1 -1 -1 -1 -1 43 43 -1 43 -1 -1 -1 -1 -1 -1 -1 -1 -1 
-1 -1 -1 -1 -1 -1 -1 -1 -1 -1 43 -1 -1 -1 43 -1 43 -1 -1 43 
-1 -1 -1 -1 -1 -1 43 -1 -1 -1 -1 -1 -1 -1 -1 -1 -1 -1 -1 -1 
-1 -1 -1 -1 -1 -1 -1 -1 -1 -1 -1 -1 -1 -1 -1 -1 -1 -1 -1 -1 
-1 -1 -1 -1 -1 -1 43 -1 -1 -1 -1 -1 -1 -1 -1 -1 -1 -1 -1 -1 
-1 -1 -1 -1 -1 -1 43 -1 -1 -1 -1 -1 -1 -1 -1 -1 -1 -1 -1 -1 
-1 -1 -1 -1 -1 -1 -1 -1 -1 -1 -1 -1 -1 -1 -1 -1 -1 -1 -1 -1 
